3,2
3,1
3,3
10,20
10,88
10,137
10,187
10,262
10,177
10,75
10,244
10,2
10,3
11,29
11,22
11,14
11,17
11,15
9,5
9,7
9,2
9,3
8,17
8,16
8,6
8,10
8,4
8,2
8,3
112,8
112,7
112,6
112,5
112,4
112,3
112,2
112,1
112,0
109,6
109,5
109,4
109,3
109,2
109,1
109,0
77,5
77,3
77,1
14,3
65,3
13,1
65,1
13,3
56,5
56,4
56,3
56,2
56,1
28,3
28,1
27,3
27,1
24,3
24,1
20,3
20,2
20,1
19,3
2,2
19,2
2,1
19,1
18,3
2,3
18,1
14,1
12,3
12,2
12,1
11,26
11,23
11,21
11,19
11,18
11,16
11,13
11,11
11,10
11,7
11,6
11,5
11,3
11,2
11,1
10,315
10,276
10,267
10,259
10,257
10,236
10,230
10,203
10,155
10,133
10,132
10,113
10,112
10,101
10,93
10,87
10,71
10,68
10,66
